some pretty huge prime numbers
10037 76957405415794487 15807447834483236134411157154699506058512815507080564288679
35671 2514203 1234567891 162166841159 20545870655930819766546995617806986531
65537 1234567891 162166841159
123551 909091 4147571 1234567891 102598800232111471 265212793249617641
12581337779929341901172901233702526034289668421
11724751 1104161123534188332712858474354101821647
105503 8466820681639226135591177384461857467887799
277 246892384281203 13233677765317447802738238367
2108873032961 7300548044616679 23354750655062685529788401253990367340186111413813

